179 20 6 100 200
6 200
1 0 6 0 0 4 2 3 0 4 6 6 2 1 6 4 1 2 2 4 3 5 1 2 1 4 4 4 2 1 1 1 0 2 0 6 0 6 3 0 6 
0 88 98 0 0
1 6 68 500 0
2 89 75 300 3
3 70 86 300 1
4 3 61 0 4
5 9 14 300 1
6 71 100 100 2
7 1 99 0 3
8 11 67 100 6
9 72 32 100 0
10 22 42 300 1
11 29 18 200 2
12 81 15 400 2
13 67 66 0 5
14 19 81 100 0
15 12 77 0 1
16 50 94 100 5
17 65 96 0 2
18 57 72 400 0
19 78 4 0 1
20 59 60 100 4
21 96 70 -500 0
22 99 44 -300 -3
23 13 78 -300 -1
24 86 98 0 -4
25 22 51 -300 -1
26 96 12 -100 -2
27 9 2 0 -3
28 25 16 -100 -6
29 8 71 -100 0
30 31 14 -300 -1
31 45 98 -200 -2
32 28 17 -400 -2
33 75 36 0 -5
34 81 86 -100 0
35 79 43 0 -1
36 98 86 -100 -5
37 20 80 0 -2
38 33 19 -400 0
39 22 89 0 -1
40 21 62 -100 -4
