255 20 6 100 200
0 800
2 5 5 6 4 0 2 4 6 1 4 5 4 4 2 3 2 4 3 1 4 3 2 3 6 0 4 1 2 6 6 2 6 6 1 3 4 6 2 3 5 
0 51 18 0 0
1 27 34 100 4
2 75 82 100 6
3 47 71 100 0
4 27 78 100 1
5 98 54 200 0
6 55 30 0 1
7 8 69 400 3
8 51 82 0 3
9 70 92 0 1
10 14 82 400 0
11 38 33 200 6
12 92 60 100 0
13 50 70 300 4
14 25 23 0 4
15 68 36 300 0
16 14 91 200 2
17 76 71 200 1
18 28 38 0 1
19 30 32 400 0
20 72 91 0 5
21 72 53 -100 -4
22 89 52 -100 -6
23 44 20 -100 0
24 85 45 -100 -1
25 96 76 -200 0
26 100 35 0 -1
27 71 98 -400 -3
28 88 6 0 -3
29 53 12 0 -1
30 83 59 -400 0
31 41 91 -200 -6
32 55 2 -100 0
33 85 98 -300 -4
34 50 49 0 -4
35 58 25 -300 0
36 35 86 -200 -2
37 62 57 -200 -1
38 99 39 0 -1
39 7 2 -400 0
40 85 77 0 -5
