263 20 6 100 200
5 300
6 6 6 3 2 4 6 6 3 5 2 1 3 3 5 0 0 4 5 2 4 4 5 5 6 2 4 1 3 5 6 4 5 2 6 1 0 5 6 2 5 
0 31 17 0 0
1 24 42 700 0
2 22 24 500 0
3 22 95 0 4
4 36 77 100 4
5 5 58 100 4
6 27 48 200 1
7 100 18 100 2
8 87 9 100 4
9 31 53 400 0
10 59 48 200 1
11 95 95 600 1
12 6 73 300 5
13 5 28 300 2
14 26 43 400 1
15 27 100 200 1
16 69 54 300 0
17 88 94 300 5
18 48 27 400 3
19 83 7 100 1
20 73 4 200 1
21 83 99 -700 0
22 27 50 -500 0
23 96 43 0 -4
24 43 34 -100 -4
25 100 87 -100 -4
26 68 75 -200 -1
27 25 41 -100 -2
28 52 4 -100 -4
29 98 93 -400 0
30 29 39 -200 -1
31 82 46 -600 -1
32 41 29 -300 -5
33 20 50 -300 -2
34 59 14 -400 -1
35 55 15 -200 -1
36 31 54 -300 0
37 78 96 -300 -5
38 92 16 -400 -3
39 14 40 -100 -1
40 54 47 -200 -1
