350 20 6 100 200
2 600
6 1 3 6 5 2 5 2 2 6 6 1 4 3 5 5 1 3 3 1 6 1 2 2 3 0 5 6 3 4 4 3 3 1 5 4 3 5 5 5 4 
0 48 36 0 0
1 77 22 500 2
2 18 83 400 0
3 38 51 100 5
4 42 47 200 1
5 8 88 100 0
6 49 24 100 1
7 93 23 0 3
8 91 18 100 0
9 30 7 100 5
10 51 84 0 3
11 25 66 0 5
12 99 47 300 2
13 30 1 800 0
14 54 6 0 2
15 95 54 200 1
16 49 33 100 0
17 5 92 100 4
18 37 65 0 1
19 76 76 100 1
20 61 89 100 6
21 11 87 -500 -2
22 46 73 -400 0
23 10 10 -100 -5
24 64 52 -200 -1
25 33 37 -100 0
26 60 52 -100 -1
27 68 61 0 -3
28 3 89 -100 0
29 46 23 -100 -5
30 8 16 0 -3
31 2 51 0 -5
32 46 62 -300 -2
33 63 92 -800 0
34 74 40 0 -2
35 83 13 -200 -1
36 71 40 -100 0
37 21 30 -100 -4
38 98 4 0 -1
39 77 7 -100 -1
40 3 75 -100 -6
