361 20 6 100 200
4 400
1 5 6 3 3 3 0 3 5 1 4 1 4 4 2 3 4 2 3 0 3 4 4 0 3 2 0 6 0 6 1 0 3 4 3 2 5 6 3 4 2 
0 27 64 0 0
1 93 24 200 3
2 14 81 0 5
3 49 62 0 6
4 16 24 400 3
5 57 3 0 1
6 51 67 400 1
7 6 74 300 3
8 28 38 200 0
9 23 41 100 3
10 2 67 500 3
11 9 19 500 0
12 30 42 600 2
13 46 48 200 6
14 26 61 100 4
15 7 99 200 1
16 16 70 200 0
17 32 72 300 5
18 27 69 0 4
19 95 15 300 2
20 19 38 200 4
21 32 2 -200 -3
22 82 14 0 -5
23 31 4 0 -6
24 28 44 -400 -3
25 39 28 0 -1
26 13 23 -400 -1
27 14 35 -300 -3
28 28 54 -200 0
29 19 7 -100 -3
30 54 99 -500 -3
31 38 89 -500 0
32 87 51 -600 -2
33 33 46 -200 -6
34 85 16 -100 -4
35 16 62 -200 -1
36 51 61 -200 0
37 88 12 -300 -5
38 55 5 0 -4
39 93 33 -300 -2
40 95 88 -200 -4
