313 20 6 100 200
4 400
1 5 3 3 6 0 1 6 1 0 2 2 0 1 3 3 3 4 3 5 1 2 1 0 4 0 5 4 1 6 4 3 1 5 2 1 0 2 6 3 6 
0 96 95 0 0
1 99 48 200 5
2 0 79 300 1
3 10 36 200 2
4 62 29 200 2
5 22 65 100 0
6 29 28 600 0
7 59 86 100 2
8 5 47 500 3
9 97 50 500 3
10 6 59 500 0
11 100 33 300 2
12 4 78 300 4
13 21 74 100 6
14 61 8 200 0
15 72 8 400 2
16 62 88 500 0
17 19 22 100 2
18 96 54 0 6
19 63 61 200 0
20 93 64 500 0
21 88 10 -200 -5
22 34 3 -300 -1
23 0 23 -200 -2
24 51 97 -200 -2
25 91 5 -100 0
26 23 79 -600 0
27 87 71 -100 -2
28 81 79 -500 -3
29 8 85 -500 -3
30 24 90 -500 0
31 92 55 -300 -2
32 76 79 -300 -4
33 56 25 -100 -6
34 73 80 -200 0
35 70 14 -400 -2
36 72 69 -500 0
37 72 77 -100 -2
38 67 98 0 -6
39 36 92 -200 0
40 90 45 -500 0
