624 20 6 100 200
1 700
0 1 1 2 4 6 2 2 2 4 4 6 5 0 6 2 3 4 3 5 2 2 6 6 1 5 3 0 4 5 4 5 6 3 2 0 4 5 6 1 0 
0 29 2 0 0
1 20 78 400 3
2 43 46 300 1
3 55 75 100 0
4 97 74 300 5
5 4 54 500 1
6 21 27 100 2
7 20 33 0 2
8 59 13 700 1
9 32 55 600 1
10 41 47 500 3
11 36 39 100 0
12 56 21 0 3
13 3 89 100 0
14 7 11 100 5
15 54 94 500 3
16 70 60 0 4
17 2 23 700 1
18 60 41 200 3
19 56 48 100 0
20 41 40 100 1
21 96 94 -400 -3
22 24 15 -300 -1
23 14 70 -100 0
24 84 89 -300 -5
25 34 98 -500 -1
26 70 51 -100 -2
27 97 37 0 -2
28 11 6 -700 -1
29 34 76 -600 -1
30 69 22 -500 -3
31 14 72 -100 0
32 61 26 0 -3
33 100 1 -100 0
34 51 28 -100 -5
35 72 56 -500 -3
36 12 33 0 -4
37 10 98 -700 -1
38 38 18 -200 -3
39 52 88 -100 0
40 3 6 -100 -1
