65 20 6 100 200
3 500
2 2 4 6 1 3 3 4 3 4 2 6 5 3 1 0 4 3 2 1 5 3 4 5 0 2 0 1 4 5 6 1 6 5 6 0 1 5 2 2 4 
0 83 46 0 0
1 79 29 200 1
2 81 29 600 2
3 50 57 200 6
4 60 6 200 3
5 89 19 700 1
6 97 2 300 3
7 99 42 400 1
8 32 40 100 2
9 97 34 300 5
10 1 22 100 0
11 94 55 0 2
12 9 33 0 3
13 70 1 400 2
14 23 20 100 0
15 73 68 200 1
16 55 55 400 1
17 16 66 0 4
18 97 53 0 3
19 94 94 0 5
20 41 28 300 2
21 30 38 -200 -1
22 71 45 -600 -2
23 24 47 -200 -6
24 73 76 -200 -3
25 90 82 -700 -1
26 100 0 -300 -3
27 38 85 -400 -1
28 8 34 -100 -2
29 36 58 -300 -5
30 100 20 -100 0
31 16 16 0 -2
32 11 35 0 -3
33 96 91 -400 -2
34 55 75 -100 0
35 90 50 -200 -1
36 82 47 -400 -1
37 69 10 0 -4
38 100 83 0 -3
39 72 84 0 -5
40 52 19 -300 -2
