820 20 6 100 200
1 700
2 4 3 0 1 1 6 2 6 4 0 6 0 1 2 0 4 5 6 2 2 0 2 3 0 4 5 4 5 3 1 2 3 0 1 4 3 0 3 2 1 
0 36 8 0 0
1 10 68 800 0
2 73 1 400 4
3 1 18 0 6
4 68 85 300 4
5 59 8 200 3
6 30 62 500 3
7 47 70 100 0
8 98 70 400 0
9 10 29 100 5
10 78 39 500 3
11 18 70 100 2
12 34 92 200 1
13 95 49 200 5
14 42 68 500 3
15 57 5 200 5
16 8 27 300 3
17 72 38 500 1
18 2 48 400 2
19 91 59 200 6
20 44 11 0 1
21 61 32 -800 0
22 76 33 -400 -4
23 99 45 0 -6
24 93 96 -300 -4
25 63 70 -200 -3
26 91 4 -500 -3
27 8 46 -100 0
28 14 61 -400 0
29 96 70 -100 -5
30 31 0 -500 -3
31 67 29 -100 -2
32 8 31 -200 -1
33 49 42 -200 -5
34 54 37 -500 -3
35 73 52 -200 -5
36 6 46 -300 -3
37 31 52 -500 -1
38 29 71 -400 -2
39 57 29 -200 -6
40 94 8 0 -1
