957 20 6 100 200
3 500
1 6 1 2 2 3 4 5 0 5 5 6 1 4 4 3 0 1 3 3 6 2 3 2 6 5 2 6 3 4 4 6 1 5 1 0 4 5 3 6 2 
0 38 36 0 0
1 55 95 600 1
2 80 18 100 1
3 22 58 400 0
4 76 34 300 4
5 12 52 400 1
6 19 80 400 1
7 100 41 300 2
8 77 35 100 0
9 69 19 100 0
10 44 47 0 3
11 69 33 500 2
12 98 44 0 3
13 78 95 100 6
14 57 81 0 4
15 64 49 0 6
16 70 69 300 3
17 54 63 300 5
18 7 78 0 2
19 33 62 400 2
20 44 38 100 3
21 83 32 -600 -1
22 62 30 -100 -1
23 39 83 -400 0
24 63 73 -300 -4
25 28 41 -400 -1
26 45 70 -400 -1
27 81 79 -300 -2
28 53 16 -100 0
29 83 30 -100 0
30 25 76 0 -3
31 4 78 -500 -2
32 0 19 0 -3
33 73 35 -100 -6
34 49 76 0 -4
35 34 39 0 -6
36 80 54 -300 -3
37 51 8 -300 -5
38 6 23 0 -2
39 14 32 -400 -2
40 78 30 -100 -3
