147 15 6 100 200
4 400
5 1 3 3 4 3 1 5 5 6 6 2 3 6 3 5 0 3 2 0 6 3 6 2 2 2 5 5 4 1 1 
0 24 7 0 0
1 85 98 0 1
2 99 58 200 5
3 16 64 100 0
4 9 38 400 3
5 95 29 0 2
6 24 96 600 0
7 4 23 500 0
8 36 33 500 0
9 96 100 300 1
10 51 62 300 4
11 94 27 200 2
12 65 11 100 4
13 30 72 300 1
14 53 91 300 3
15 27 93 400 1
16 11 27 0 -1
17 19 38 -200 -5
18 76 37 -100 0
19 8 73 -400 -3
20 48 73 0 -2
21 44 54 -600 0
22 5 28 -500 0
23 95 29 -500 0
24 13 92 -300 -1
25 44 56 -300 -4
26 24 99 -200 -2
27 45 18 -100 -4
28 81 69 -300 -1
29 65 48 -300 -3
30 59 58 -400 -1
