263 15 6 100 200
5 300
6 6 6 3 2 4 6 6 3 5 2 1 3 3 5 0 0 4 5 2 4 4 5 5 6 2 4 1 3 5 6 
0 72 95 0 0
1 42 16 300 1
2 13 94 300 3
3 39 87 100 6
4 31 17 100 0
5 24 42 400 0
6 22 24 300 2
7 22 95 300 3
8 36 77 400 2
9 5 58 0 4
10 27 48 0 3
11 100 18 500 2
12 87 9 400 4
13 31 53 0 2
14 59 48 100 6
15 95 95 0 2
16 6 73 -300 -1
17 5 28 -300 -3
18 26 43 -100 -6
19 27 100 -100 0
20 69 54 -400 0
21 88 94 -300 -2
22 48 27 -300 -3
23 83 7 -400 -2
24 73 4 0 -4
25 83 99 0 -3
26 27 50 -500 -2
27 96 43 -400 -4
28 43 34 0 -2
29 100 87 -100 -6
30 68 75 0 -2
