254 15 6 100 200
2 600
4 2 3 5 2 1 0 5 4 5 2 5 3 5 4 1 3 0 6 0 1 6 1 6 5 4 5 2 0 2 6 
0 67 4 0 0
1 0 49 300 3
2 13 50 0 1
3 14 81 500 1
4 100 91 0 1
5 47 32 300 2
6 54 30 200 3
7 44 69 0 1
8 91 56 200 1
9 20 76 200 0
10 82 23 200 0
11 23 45 100 1
12 67 76 600 2
13 66 98 300 1
14 61 50 0 2
15 5 89 100 2
16 0 1 -300 -3
17 48 27 0 -1
18 57 71 -500 -1
19 60 63 0 -1
20 22 43 -300 -2
21 96 90 -200 -3
22 93 12 0 -1
23 40 57 -200 -1
24 17 95 -200 0
25 100 92 -200 0
26 71 77 -100 -1
27 78 18 -600 -2
28 24 22 -300 -1
29 64 64 0 -2
30 18 22 -100 -2
