266 15 6 100 200
0 800
4 5 5 0 3 5 1 4 3 3 4 0 0 0 1 6 4 6 0 6 4 2 1 1 0 0 5 2 1 2 4 
0 82 62 0 0
1 18 87 0 3
2 68 38 0 5
3 38 50 200 3
4 89 68 800 0
5 55 1 0 1
6 5 79 300 2
7 48 53 0 4
8 17 88 0 2
9 96 61 200 2
10 64 4 300 1
11 30 43 100 1
12 30 45 100 5
13 98 92 500 0
14 57 64 0 3
15 55 20 300 0
16 1 43 0 -3
17 81 11 0 -5
18 15 56 -200 -3
19 30 62 -800 0
20 2 10 0 -1
21 35 10 -300 -2
22 65 13 0 -4
23 59 29 0 -2
24 77 30 -200 -2
25 84 27 -300 -1
26 29 100 -100 -1
27 0 52 -100 -5
28 80 63 -500 0
29 83 62 0 -3
30 77 97 -300 0
