287 15 6 100 200
4 400
0 2 2 0 1 3 4 4 4 1 0 1 6 6 2 2 1 3 5 0 0 4 4 6 2 5 6 3 5 1 5 
0 23 70 0 0
1 86 48 100 2
2 16 98 600 1
3 67 88 400 2
4 56 81 300 0
5 35 65 400 4
6 60 13 100 4
7 20 13 300 0
8 43 68 300 0
9 67 48 200 4
10 5 46 100 2
11 39 65 0 1
12 85 79 700 0
13 41 14 500 0
14 85 48 100 2
15 39 92 200 5
16 73 52 -100 -2
17 56 33 -600 -1
18 85 47 -400 -2
19 82 64 -300 0
20 74 28 -400 -4
21 89 57 -100 -4
22 46 15 -300 0
23 17 11 -300 0
24 40 38 -200 -4
25 99 10 -100 -2
26 30 13 0 -1
27 80 69 -700 0
28 60 30 -500 0
29 99 39 -100 -2
30 79 90 -200 -5
