43 15 6 100 200
0 800
2 5 6 1 3 2 5 5 6 0 3 4 3 4 0 4 3 4 2 4 6 4 6 3 3 1 0 6 0 6 0 
0 48 19 0 0
1 12 20 200 3
2 65 63 400 4
3 16 98 600 0
4 49 76 600 1
5 64 34 100 0
6 73 23 800 0
7 48 8 100 6
8 6 74 200 0
9 7 23 500 1
10 7 21 300 0
11 37 35 100 1
12 9 66 300 0
13 79 13 0 5
14 74 83 0 2
15 83 86 400 3
16 7 12 -200 -3
17 79 58 -400 -4
18 100 82 -600 0
19 92 42 -600 -1
20 42 67 -100 0
21 85 89 -800 0
22 56 21 -100 -6
23 16 10 -200 0
24 99 40 -500 -1
25 6 75 -300 0
26 34 47 -100 -1
27 93 23 -300 0
28 86 77 0 -5
29 9 70 0 -2
30 84 14 -400 -3
