733 15 6 100 200
3 500
5 3 1 6 4 1 5 5 3 0 5 6 1 2 6 1 6 1 3 6 6 5 5 4 6 5 3 4 1 2 6 
0 88 31 0 0
1 1 70 0 1
2 95 9 100 0
3 32 12 500 1
4 31 29 200 1
5 0 59 100 1
6 72 50 400 1
7 38 82 400 0
8 28 48 400 2
9 48 92 600 2
10 64 56 100 1
11 80 22 300 4
12 98 85 0 4
13 62 8 600 2
14 86 28 100 2
15 100 74 0 1
16 47 85 0 -1
17 42 84 -100 0
18 62 76 -500 -1
19 38 28 -200 -1
20 92 83 -100 -1
21 9 87 -400 -1
22 38 63 -400 0
23 5 83 -400 -2
24 50 67 -600 -2
25 40 82 -100 -1
26 15 58 -300 -4
27 31 35 0 -4
28 99 37 -600 -2
29 51 23 -100 -2
30 70 49 0 -1
