703 15 6 100 200
0 800
2 1 3 5 1 3 0 2 0 0 4 3 1 5 4 2 3 1 2 6 2 1 4 2 6 6 1 1 1 3 0 
0 15 88 0 0
1 79 38 700 1
2 74 7 100 0
3 61 5 500 2
4 29 68 300 3
5 14 82 100 4
6 76 84 400 3
7 48 19 300 1
8 85 50 100 0
9 64 79 700 0
10 44 54 0 1
11 47 94 100 2
12 27 19 0 2
13 63 2 0 1
14 0 63 100 0
15 88 62 0 3
16 21 91 -700 -1
17 89 39 -100 0
18 96 20 -500 -2
19 53 52 -300 -3
20 47 5 -100 -4
21 87 51 -400 -3
22 23 64 -300 -1
23 69 60 -100 0
24 75 56 -700 0
25 21 48 0 -1
26 39 67 -100 -2
27 87 90 0 -2
28 63 76 0 -1
29 21 99 -100 0
30 57 21 0 -3
