944 15 6 100 200
0 800
2 4 4 2 0 6 2 3 4 4 4 0 6 1 2 3 6 1 0 3 6 0 4 4 6 0 1 1 1 1 3 
0 16 37 0 0
1 74 48 500 1
2 44 25 400 4
3 62 93 200 5
4 20 80 0 3
5 75 28 200 1
6 62 29 200 3
7 57 58 200 2
8 87 52 100 3
9 93 66 300 1
10 88 88 100 0
11 4 86 300 0
12 91 60 0 4
13 28 19 100 0
14 57 6 400 2
15 70 85 0 5
16 49 20 -500 -1
17 87 33 -400 -4
18 59 37 -200 -5
19 40 34 0 -3
20 64 27 -200 -1
21 37 39 -200 -3
22 19 46 -200 -2
23 53 77 -100 -3
24 78 64 -300 -1
25 84 48 -100 0
26 61 54 -300 0
27 75 92 0 -4
28 38 71 -100 0
29 37 84 -400 -2
30 5 22 0 -5
