805 15 6 100 200
3 500
1 6 6 0 5 2 0 3 3 5 5 4 2 5 5 3 3 2 5 0 6 3 3 3 5 2 3 3 5 1 1 
0 24 42 0 0
1 22 86 400 1
2 73 28 800 0
3 0 31 600 2
4 33 24 600 2
5 49 45 0 2
6 10 37 300 1
7 46 87 100 0
8 86 23 0 1
9 40 67 100 5
10 2 72 400 4
11 15 58 600 1
12 3 73 100 4
13 55 77 300 4
14 32 31 0 1
15 70 80 300 2
16 57 48 -400 -1
17 52 95 -800 0
18 96 13 -600 -2
19 62 78 -600 -2
20 60 82 0 -2
21 36 45 -300 -1
22 47 28 -100 0
23 5 0 0 -1
24 10 34 -100 -5
25 39 2 -400 -4
26 72 97 -600 -1
27 25 10 -100 -4
28 1 49 -300 -4
29 68 13 0 -1
30 5 43 -300 -2
